111000001011111001101110101111111111110010111110
111000001011011011110110100110110111111110101111
111101001101011001110110111111100111101110110001
111001101101001101110010111100110110101101111111
101011101101001101110111111101111011101110011010
101011110101001101011011111101010011011101111111
001011110101001111111001011111111011101011101110
100111110101100111011001011101001111110111111111
000111110100100111011011111111101111110110001101
001111110110100110011101111010100111011111111011
000111110010110110001101111111111111101100101011
010110110010110010111101111101100101111101111010
110111011010110010101100110111011011101101111110
110100101010111010101110111101011111111011111000
111110001011111000100110011110011011111001111111
111100011011111000100110111110101101011110111101